      1005         0         0         0 100001515    505050         0      0.95366  0.00000e+00
      1005         0         0         0 100001515    505050         1      0.09861  0.00000e+00
      1005         0         0         0 100001515    505050         2      0.03787  0.00000e+00
      1005         0         0         0 100001515    505050         3      0.02357  0.00000e+00
      1005         0         0         0 100001515    505050         4      0.01742  0.00000e+00
      1005         0         0         0 100001515    505050         5      0.01374  0.00000e+00
      1005         0         0         0 100001515    505050         6      0.01062  0.00000e+00
      1005         0         0         0 100001515    505050         7      0.00812  0.00000e+00
      1005         0         0         0 100001515    505050         8      0.00630  0.00000e+00
      1005         0         0         0 100001515    505050         9      0.00501  0.00000e+00
      1005         0         0         0 100001515    505050        10      0.00418  0.00000e+00
      1005         0         0         0 100001515    505050        11      0.00364  0.00000e+00
      1005         0         0         0 100001515    505050        12      0.00311  0.00000e+00
      1005         0         0         0 100001515    505050        13      0.00260  0.00000e+00
      1005         0         0         0 100001515    505050        14      0.00218  0.00000e+00
      1005         0         0         0 100001515    505050        15      0.00179  0.00000e+00
      1005         0         0         0 100001515    505050        16      0.00147  0.00000e+00
      1005         0         0         0 100001515    505050        17      0.00120  0.00000e+00
      1005         0         0         0 100001515    505050        18  9.49411e-04  0.00000e+00
      1005         0         0         0 100001515    505050        19  7.45835e-04  0.00000e+00
      1005         0         0         0 100001515    505050        20  5.83419e-04  0.00000e+00
      1005         0         0         0 100001515    505050        21  4.61996e-04  0.00000e+00
      1005         0         0         0 100001515    505050        22  3.65554e-04  0.00000e+00
      1005         0         0         0 100001515    505050        23  3.01862e-04  0.00000e+00
      1005         0         0         0 100001515    505050        24  2.61140e-04  0.00000e+00
      1005         0         0         0 100001515    505050        25  2.25021e-04  0.00000e+00
      1005         0         0         0 100001515    505050        26  1.96770e-04  0.00000e+00
      1005         0         0         0 100001515    505050        27  1.77763e-04  0.00000e+00
      1005         0         0         0 100001515    505050        28  1.63762e-04  0.00000e+00
      1005         0         0         0 100001515    505050        29  1.53297e-04  0.00000e+00
      1005         0         0         0 100001515    505050        30  1.47599e-04  0.00000e+00
      1005         0         0         0 100001515    505050        31  1.55413e-04  0.00000e+00
      1005         0         0         0 100001515    505050        32  1.71832e-04  0.00000e+00
      1005         0         0         0 100001515    505050        33  1.86225e-04  0.00000e+00
      1005         0         0         0 100001515    505050        34  2.01142e-04  0.00000e+00
      1005         0         0         0 100001515    505050        35  2.16433e-04  0.00000e+00
      1005         0         0         0 100001515    505050        36  2.41402e-04  0.00000e+00
      1005         0         0         0 100001515    505050        37  2.71661e-04  0.00000e+00
      1005         0         0         0 100001515    505050        38  3.16799e-04  0.00000e+00
      1005         0         0         0 100001515    505050        39  3.80681e-04  0.00000e+00
      1005         0         0         0 100001515    505050        40  4.36181e-04  0.00000e+00
      1005         0         0         0 100001515    505050        41  5.07808e-04  0.00000e+00
      1005         0         0         0 100001515    505050        42  6.12970e-04  0.00000e+00
      1005         0         0         0 100001515    505050        43  7.64495e-04  0.00000e+00
      1005         0         0         0 100001515    505050        44  9.65795e-04  0.00000e+00
      1005         0         0         0 100001515    505050        45      0.00118  0.00000e+00
      1005         0         0         0 100001515    505050        46      0.00140  0.00000e+00
      1005         0         0         0 100001515    505050        47      0.00164  0.00000e+00
      1005         0         0         0 100001515    505050        48      0.00193  0.00000e+00
      1005         0         0         0 100001515    505050        49      0.00240  0.00000e+00
      1005         0         0         0 100001515    505050        50      0.00308  0.00000e+00
      1005         0         0         0 100001515    505050        51      0.00380  0.00000e+00
      1005         0         0         0 100001515    505050        52      0.00459  0.00000e+00
      1005         0         0         0 100001515    505050        53      0.00542  0.00000e+00
      1005         0         0         0 100001515    505050        54      0.00616  0.00000e+00
      1005         0         0         0 100001515    505050        55      0.00703  0.00000e+00
      1005         0         0         0 100001515    505050        56      0.00855  0.00000e+00
      1005         0         0         0 100001515    505050        57      0.01119  0.00000e+00
      1005         0         0         0 100001515    505050        58      0.01424  0.00000e+00
      1005         0         0         0 100001515    505050        59      0.01707  0.00000e+00
      1005         0         0         0 100001515    505050        60      0.02018  0.00000e+00
      1005         0         0         0 100001515    505050        61      0.02456  0.00000e+00
      1005         0         0         0 100001515    505050        62      0.03647  0.00000e+00
      1005         0         0         0 100001515    505050        63      0.09592  0.00000e+00
      1055         0         0         0 100001515    505050         0      0.94906  0.00000e+00
      1055         0         0         0 100001515    505050         1      0.09234  0.00000e+00
      1055         0         0         0 100001515    505050         2      0.03203  0.00000e+00
      1055         0         0         0 100001515    505050         3      0.02007  0.00000e+00
      1055         0         0         0 100001515    505050         4      0.01478  0.00000e+00
      1055         0         0         0 100001515    505050         5      0.01185  0.00000e+00
      1055         0         0         0 100001515    505050         6      0.00970  0.00000e+00
      1055         0         0         0 100001515    505050         7      0.00768  0.00000e+00
      1055         0         0         0 100001515    505050         8      0.00611  0.00000e+00
      1055         0         0         0 100001515    505050         9      0.00506  0.00000e+00
      1055         0         0         0 100001515    505050        10      0.00424  0.00000e+00
      1055         0         0         0 100001515    505050        11      0.00369  0.00000e+00
      1055         0         0         0 100001515    505050        12      0.00332  0.00000e+00
      1055         0         0         0 100001515    505050        13      0.00275  0.00000e+00
      1055         0         0         0 100001515    505050        14      0.00215  0.00000e+00
      1055         0         0         0 100001515    505050        15      0.00177  0.00000e+00
      1055         0         0         0 100001515    505050        16      0.00156  0.00000e+00
      1055         0         0         0 100001515    505050        17      0.00138  0.00000e+00
      1055         0         0         0 100001515    505050        18      0.00119  0.00000e+00
      1055         0         0         0 100001515    505050        19      0.00103  0.00000e+00
      1055         0         0         0 100001515    505050        20  8.85602e-04  0.00000e+00
      1055         0         0         0 100001515    505050        21  7.45605e-04  0.00000e+00
      1055         0         0         0 100001515    505050        22  6.07606e-04  0.00000e+00
      1055         0         0         0 100001515    505050        23  5.08473e-04  0.00000e+00
      1055         0         0         0 100001515    505050        24  4.28125e-04  0.00000e+00
      1055         0         0         0 100001515    505050        25  3.72677e-04  0.00000e+00
      1055         0         0         0 100001515    505050        26  3.06760e-04  0.00000e+00
      1055         0         0         0 100001515    505050        27  2.52597e-04  0.00000e+00
      1055         0         0         0 100001515    505050        28  2.21587e-04  0.00000e+00
      1055         0         0         0 100001515    505050        29  2.11429e-04  0.00000e+00
      1055         0         0         0 100001515    505050        30  2.09123e-04  0.00000e+00
      1055         0         0         0 100001515    505050        31  2.08681e-04  0.00000e+00
      1055         0         0         0 100001515    505050        32  1.95046e-04  0.00000e+00
      1055         0         0         0 100001515    505050        33  1.79292e-04  0.00000e+00
      1055         0         0         0 100001515    505050        34  1.74675e-04  0.00000e+00
      1055         0         0         0 100001515    505050        35  1.82204e-04  0.00000e+00
      1055         0         0         0 100001515    505050        36  2.06408e-04  0.00000e+00
      1055         0         0         0 100001515    505050        37  2.40118e-04  0.00000e+00
      1055         0         0         0 100001515    505050        38  2.88149e-04  0.00000e+00
      1055         0         0         0 100001515    505050        39  3.53432e-04  0.00000e+00
      1055         0         0         0 100001515    505050        40  4.35472e-04  0.00000e+00
      1055         0         0         0 100001515    505050        41  5.39369e-04  0.00000e+00
      1055         0         0         0 100001515    505050        42  6.53990e-04  0.00000e+00
      1055         0         0         0 100001515    505050        43  7.69866e-04  0.00000e+00
      1055         0         0         0 100001515    505050        44  9.09360e-04  0.00000e+00
      1055         0         0         0 100001515    505050        45      0.00108  0.00000e+00
      1055         0         0         0 100001515    505050        46      0.00127  0.00000e+00
      1055         0         0         0 100001515    505050        47      0.00152  0.00000e+00
      1055         0         0         0 100001515    505050        48      0.00174  0.00000e+00
      1055         0         0         0 100001515    505050        49      0.00196  0.00000e+00
      1055         0         0         0 100001515    505050        50      0.00232  0.00000e+00
      1055         0         0         0 100001515    505050        51      0.00279  0.00000e+00
      1055         0         0         0 100001515    505050        52      0.00327  0.00000e+00
      1055         0         0         0 100001515    505050        53      0.00388  0.00000e+00
      1055         0         0         0 100001515    505050        54      0.00480  0.00000e+00
      1055         0         0         0 100001515    505050        55      0.00598  0.00000e+00
      1055         0         0         0 100001515    505050        56      0.00709  0.00000e+00
      1055         0         0         0 100001515    505050        57      0.00819  0.00000e+00
      1055         0         0         0 100001515    505050        58      0.01016  0.00000e+00
      1055         0         0         0 100001515    505050        59      0.01246  0.00000e+00
      1055         0         0         0 100001515    505050        60      0.01492  0.00000e+00
      1055         0         0         0 100001515    505050        61      0.01964  0.00000e+00
      1055         0         0         0 100001515    505050        62      0.03280  0.00000e+00
      1055         0         0         0 100001515    505050        63      0.09360  0.00000e+00
      1105         0         0         0 100001515    505050         0      1.01151  0.00000e+00
      1105         0         0         0 100001515    505050         1      0.13679  0.00000e+00
      1105         0         0         0 100001515    505050         2      0.06415  0.00000e+00
      1105         0         0         0 100001515    505050         3      0.03889  0.00000e+00
      1105         0         0         0 100001515    505050         4      0.02671  0.00000e+00
      1105         0         0         0 100001515    505050         5      0.01889  0.00000e+00
      1105         0         0         0 100001515    505050         6      0.01316  0.00000e+00
      1105         0         0         0 100001515    505050         7      0.00975  0.00000e+00
      1105         0         0         0 100001515    505050         8      0.00780  0.00000e+00
      1105         0         0         0 100001515    505050         9      0.00650  0.00000e+00
      1105         0         0         0 100001515    505050        10      0.00544  0.00000e+00
      1105         0         0         0 100001515    505050        11      0.00459  0.00000e+00
      1105         0         0         0 100001515    505050        12      0.00401  0.00000e+00
      1105         0         0         0 100001515    505050        13      0.00333  0.00000e+00
      1105         0         0         0 100001515    505050        14      0.00269  0.00000e+00
      1105         0         0         0 100001515    505050        15      0.00217  0.00000e+00
      1105         0         0         0 100001515    505050        16      0.00188  0.00000e+00
      1105         0         0         0 100001515    505050        17      0.00164  0.00000e+00
      1105         0         0         0 100001515    505050        18      0.00139  0.00000e+00
      1105         0         0         0 100001515    505050        19      0.00116  0.00000e+00
      1105         0         0         0 100001515    505050        20      0.00100  0.00000e+00
      1105         0         0         0 100001515    505050        21  8.63720e-04  0.00000e+00
      1105         0         0         0 100001515    505050        22  7.33146e-04  0.00000e+00
      1105         0         0         0 100001515    505050        23  6.20200e-04  0.00000e+00
      1105         0         0         0 100001515    505050        24  5.18049e-04  0.00000e+00
      1105         0         0         0 100001515    505050        25  4.44479e-04  0.00000e+00
      1105         0         0         0 100001515    505050        26  3.86008e-04  0.00000e+00
      1105         0         0         0 100001515    505050        27  3.37065e-04  0.00000e+00
      1105         0         0         0 100001515    505050        28  3.07738e-04  0.00000e+00
      1105         0         0         0 100001515    505050        29  2.82500e-04  0.00000e+00
      1105         0         0         0 100001515    505050        30  2.56720e-04  0.00000e+00
      1105         0         0         0 100001515    505050        31  2.44116e-04  0.00000e+00
      1105         0         0         0 100001515    505050        32  2.47209e-04  0.00000e+00
      1105         0         0         0 100001515    505050        33  2.56163e-04  0.00000e+00
      1105         0         0         0 100001515    505050        34  2.70479e-04  0.00000e+00
      1105         0         0         0 100001515    505050        35  2.97824e-04  0.00000e+00
      1105         0         0         0 100001515    505050        36  3.33192e-04  0.00000e+00
      1105         0         0         0 100001515    505050        37  3.75237e-04  0.00000e+00
      1105         0         0         0 100001515    505050        38  4.33370e-04  0.00000e+00
      1105         0         0         0 100001515    505050        39  5.23509e-04  0.00000e+00
      1105         0         0         0 100001515    505050        40  6.46310e-04  0.00000e+00
      1105         0         0         0 100001515    505050        41  7.88995e-04  0.00000e+00
      1105         0         0         0 100001515    505050        42  9.85491e-04  0.00000e+00
      1105         0         0         0 100001515    505050        43      0.00121  0.00000e+00
      1105         0         0         0 100001515    505050        44      0.00140  0.00000e+00
      1105         0         0         0 100001515    505050        45      0.00168  0.00000e+00
      1105         0         0         0 100001515    505050        46      0.00199  0.00000e+00
      1105         0         0         0 100001515    505050        47      0.00233  0.00000e+00
      1105         0         0         0 100001515    505050        48      0.00270  0.00000e+00
      1105         0         0         0 100001515    505050        49      0.00325  0.00000e+00
      1105         0         0         0 100001515    505050        50      0.00394  0.00000e+00
      1105         0         0         0 100001515    505050        51      0.00480  0.00000e+00
      1105         0         0         0 100001515    505050        52      0.00564  0.00000e+00
      1105         0         0         0 100001515    505050        53      0.00652  0.00000e+00
      1105         0         0         0 100001515    505050        54      0.00779  0.00000e+00
      1105         0         0         0 100001515    505050        55      0.00954  0.00000e+00
      1105         0         0         0 100001515    505050        56      0.01164  0.00000e+00
      1105         0         0         0 100001515    505050        57      0.01457  0.00000e+00
      1105         0         0         0 100001515    505050        58      0.01851  0.00000e+00
      1105         0         0         0 100001515    505050        59      0.02357  0.00000e+00
      1105         0         0         0 100001515    505050        60      0.03043  0.00000e+00
      1105         0         0         0 100001515    505050        61      0.03989  0.00000e+00
      1105         0         0         0 100001515    505050        62      0.05763  0.00000e+00
      1105         0         0         0 100001515    505050        63      0.12212  0.00000e+00
      1155         0         0         0 100001515    505050         0      0.97534  0.00000e+00
      1155         0         0         0 100001515    505050         1      0.10213  0.00000e+00
      1155         0         0         0 100001515    505050         2      0.04065  0.00000e+00
      1155         0         0         0 100001515    505050         3      0.02777  0.00000e+00
      1155         0         0         0 100001515    505050         4      0.02086  0.00000e+00
      1155         0         0         0 100001515    505050         5      0.01572  0.00000e+00
      1155         0         0         0 100001515    505050         6      0.01276  0.00000e+00
      1155         0         0         0 100001515    505050         7      0.01024  0.00000e+00
      1155         0         0         0 100001515    505050         8      0.00835  0.00000e+00
      1155         0         0         0 100001515    505050         9      0.00687  0.00000e+00
      1155         0         0         0 100001515    505050        10      0.00595  0.00000e+00
      1155         0         0         0 100001515    505050        11      0.00535  0.00000e+00
      1155         0         0         0 100001515    505050        12      0.00464  0.00000e+00
      1155         0         0         0 100001515    505050        13      0.00377  0.00000e+00
      1155         0         0         0 100001515    505050        14      0.00315  0.00000e+00
      1155         0         0         0 100001515    505050        15      0.00257  0.00000e+00
      1155         0         0         0 100001515    505050        16      0.00198  0.00000e+00
      1155         0         0         0 100001515    505050        17      0.00151  0.00000e+00
      1155         0         0         0 100001515    505050        18      0.00121  0.00000e+00
      1155         0         0         0 100001515    505050        19  9.91709e-04  0.00000e+00
      1155         0         0         0 100001515    505050        20  8.22079e-04  0.00000e+00
      1155         0         0         0 100001515    505050        21  6.89702e-04  0.00000e+00
      1155         0         0         0 100001515    505050        22  5.77694e-04  0.00000e+00
      1155         0         0         0 100001515    505050        23  4.77636e-04  0.00000e+00
      1155         0         0         0 100001515    505050        24  3.95981e-04  0.00000e+00
      1155         0         0         0 100001515    505050        25  3.32253e-04  0.00000e+00
      1155         0         0         0 100001515    505050        26  2.74803e-04  0.00000e+00
      1155         0         0         0 100001515    505050        27  2.43860e-04  0.00000e+00
      1155         0         0         0 100001515    505050        28  2.25812e-04  0.00000e+00
      1155         0         0         0 100001515    505050        29  1.93992e-04  0.00000e+00
      1155         0         0         0 100001515    505050        30  1.65492e-04  0.00000e+00
      1155         0         0         0 100001515    505050        31  1.53598e-04  0.00000e+00
      1155         0         0         0 100001515    505050        32  1.58452e-04  0.00000e+00
      1155         0         0         0 100001515    505050        33  1.73920e-04  0.00000e+00
      1155         0         0         0 100001515    505050        34  1.88020e-04  0.00000e+00
      1155         0         0         0 100001515    505050        35  2.02259e-04  0.00000e+00
      1155         0         0         0 100001515    505050        36  2.28006e-04  0.00000e+00
      1155         0         0         0 100001515    505050        37  2.71606e-04  0.00000e+00
      1155         0         0         0 100001515    505050        38  3.12154e-04  0.00000e+00
      1155         0         0         0 100001515    505050        39  3.57351e-04  0.00000e+00
      1155         0         0         0 100001515    505050        40  4.39599e-04  0.00000e+00
      1155         0         0         0 100001515    505050        41  5.41004e-04  0.00000e+00
      1155         0         0         0 100001515    505050        42  6.27442e-04  0.00000e+00
      1155         0         0         0 100001515    505050        43  6.69781e-04  0.00000e+00
      1155         0         0         0 100001515    505050        44  7.44046e-04  0.00000e+00
      1155         0         0         0 100001515    505050        45  8.95205e-04  0.00000e+00
      1155         0         0         0 100001515    505050        46      0.00115  0.00000e+00
      1155         0         0         0 100001515    505050        47      0.00145  0.00000e+00
      1155         0         0         0 100001515    505050        48      0.00170  0.00000e+00
      1155         0         0         0 100001515    505050        49      0.00197  0.00000e+00
      1155         0         0         0 100001515    505050        50      0.00228  0.00000e+00
      1155         0         0         0 100001515    505050        51      0.00272  0.00000e+00
      1155         0         0         0 100001515    505050        52      0.00351  0.00000e+00
      1155         0         0         0 100001515    505050        53      0.00454  0.00000e+00
      1155         0         0         0 100001515    505050        54      0.00549  0.00000e+00
      1155         0         0         0 100001515    505050        55      0.00665  0.00000e+00
      1155         0         0         0 100001515    505050        56      0.00829  0.00000e+00
      1155         0         0         0 100001515    505050        57      0.01064  0.00000e+00
      1155         0         0         0 100001515    505050        58      0.01312  0.00000e+00
      1155         0         0         0 100001515    505050        59      0.01590  0.00000e+00
      1155         0         0         0 100001515    505050        60      0.02018  0.00000e+00
      1155         0         0         0 100001515    505050        61      0.02739  0.00000e+00
      1155         0         0         0 100001515    505050        62      0.04180  0.00000e+00
      1155         0         0         0 100001515    505050        63      0.10691  0.00000e+00
      1205         0         0         0 100001515    505050         0      0.95444  0.00000e+00
      1205         0         0         0 100001515    505050         1      0.09142  0.00000e+00
      1205         0         0         0 100001515    505050         2      0.03130  0.00000e+00
      1205         0         0         0 100001515    505050         3      0.01908  0.00000e+00
      1205         0         0         0 100001515    505050         4      0.01380  0.00000e+00
      1205         0         0         0 100001515    505050         5      0.01039  0.00000e+00
      1205         0         0         0 100001515    505050         6      0.00831  0.00000e+00
      1205         0         0         0 100001515    505050         7      0.00711  0.00000e+00
      1205         0         0         0 100001515    505050         8      0.00633  0.00000e+00
      1205         0         0         0 100001515    505050         9      0.00559  0.00000e+00
      1205         0         0         0 100001515    505050        10      0.00478  0.00000e+00
      1205         0         0         0 100001515    505050        11      0.00379  0.00000e+00
      1205         0         0         0 100001515    505050        12      0.00299  0.00000e+00
      1205         0         0         0 100001515    505050        13      0.00236  0.00000e+00
      1205         0         0         0 100001515    505050        14      0.00189  0.00000e+00
      1205         0         0         0 100001515    505050        15      0.00151  0.00000e+00
      1205         0         0         0 100001515    505050        16      0.00125  0.00000e+00
      1205         0         0         0 100001515    505050        17      0.00101  0.00000e+00
      1205         0         0         0 100001515    505050        18  8.07177e-04  0.00000e+00
      1205         0         0         0 100001515    505050        19  6.59914e-04  0.00000e+00
      1205         0         0         0 100001515    505050        20  5.71038e-04  0.00000e+00
      1205         0         0         0 100001515    505050        21  4.87086e-04  0.00000e+00
      1205         0         0         0 100001515    505050        22  4.21149e-04  0.00000e+00
      1205         0         0         0 100001515    505050        23  3.57595e-04  0.00000e+00
      1205         0         0         0 100001515    505050        24  2.92338e-04  0.00000e+00
      1205         0         0         0 100001515    505050        25  2.33449e-04  0.00000e+00
      1205         0         0         0 100001515    505050        26  1.92502e-04  0.00000e+00
      1205         0         0         0 100001515    505050        27  1.67633e-04  0.00000e+00
      1205         0         0         0 100001515    505050        28  1.54623e-04  0.00000e+00
      1205         0         0         0 100001515    505050        29  1.45206e-04  0.00000e+00
      1205         0         0         0 100001515    505050        30  1.37979e-04  0.00000e+00
      1205         0         0         0 100001515    505050        31  1.31571e-04  0.00000e+00
      1205         0         0         0 100001515    505050        32  1.28168e-04  0.00000e+00
      1205         0         0         0 100001515    505050        33  1.32691e-04  0.00000e+00
      1205         0         0         0 100001515    505050        34  1.49112e-04  0.00000e+00
      1205         0         0         0 100001515    505050        35  1.78181e-04  0.00000e+00
      1205         0         0         0 100001515    505050        36  2.17850e-04  0.00000e+00
      1205         0         0         0 100001515    505050        37  2.67275e-04  0.00000e+00
      1205         0         0         0 100001515    505050        38  3.11592e-04  0.00000e+00
      1205         0         0         0 100001515    505050        39  3.63723e-04  0.00000e+00
      1205         0         0         0 100001515    505050        40  4.23528e-04  0.00000e+00
      1205         0         0         0 100001515    505050        41  4.91698e-04  0.00000e+00
      1205         0         0         0 100001515    505050        42  5.65722e-04  0.00000e+00
      1205         0         0         0 100001515    505050        43  6.73649e-04  0.00000e+00
      1205         0         0         0 100001515    505050        44  8.15709e-04  0.00000e+00
      1205         0         0         0 100001515    505050        45  9.40728e-04  0.00000e+00
      1205         0         0         0 100001515    505050        46      0.00108  0.00000e+00
      1205         0         0         0 100001515    505050        47      0.00125  0.00000e+00
      1205         0         0         0 100001515    505050        48      0.00145  0.00000e+00
      1205         0         0         0 100001515    505050        49      0.00170  0.00000e+00
      1205         0         0         0 100001515    505050        50      0.00194  0.00000e+00
      1205         0         0         0 100001515    505050        51      0.00226  0.00000e+00
      1205         0         0         0 100001515    505050        52      0.00271  0.00000e+00
      1205         0         0         0 100001515    505050        53      0.00325  0.00000e+00
      1205         0         0         0 100001515    505050        54      0.00394  0.00000e+00
      1205         0         0         0 100001515    505050        55      0.00462  0.00000e+00
      1205         0         0         0 100001515    505050        56      0.00538  0.00000e+00
      1205         0         0         0 100001515    505050        57      0.00656  0.00000e+00
      1205         0         0         0 100001515    505050        58      0.00872  0.00000e+00
      1205         0         0         0 100001515    505050        59      0.01171  0.00000e+00
      1205         0         0         0 100001515    505050        60      0.01497  0.00000e+00
      1205         0         0         0 100001515    505050        61      0.01873  0.00000e+00
      1205         0         0         0 100001515    505050        62      0.03007  0.00000e+00
      1205         0         0         0 100001515    505050        63      0.09017  0.00000e+00
      1255         0         0         0 100001515    505050         0      0.96261  0.00000e+00
      1255         0         0         0 100001515    505050         1      0.09457  0.00000e+00
      1255         0         0         0 100001515    505050         2      0.03453  0.00000e+00
      1255         0         0         0 100001515    505050         3      0.02197  0.00000e+00
      1255         0         0         0 100001515    505050         4      0.01765  0.00000e+00
      1255         0         0         0 100001515    505050         5      0.01536  0.00000e+00
      1255         0         0         0 100001515    505050         6      0.01295  0.00000e+00
      1255         0         0         0 100001515    505050         7      0.01072  0.00000e+00
      1255         0         0         0 100001515    505050         8      0.00925  0.00000e+00
      1255         0         0         0 100001515    505050         9      0.00798  0.00000e+00
      1255         0         0         0 100001515    505050        10      0.00700  0.00000e+00
      1255         0         0         0 100001515    505050        11      0.00612  0.00000e+00
      1255         0         0         0 100001515    505050        12      0.00502  0.00000e+00
      1255         0         0         0 100001515    505050        13      0.00407  0.00000e+00
      1255         0         0         0 100001515    505050        14      0.00344  0.00000e+00
      1255         0         0         0 100001515    505050        15      0.00299  0.00000e+00
      1255         0         0         0 100001515    505050        16      0.00264  0.00000e+00
      1255         0         0         0 100001515    505050        17      0.00248  0.00000e+00
      1255         0         0         0 100001515    505050        18      0.00229  0.00000e+00
      1255         0         0         0 100001515    505050        19      0.00194  0.00000e+00
      1255         0         0         0 100001515    505050        20      0.00157  0.00000e+00
      1255         0         0         0 100001515    505050        21      0.00120  0.00000e+00
      1255         0         0         0 100001515    505050        22  9.09094e-04  0.00000e+00
      1255         0         0         0 100001515    505050        23  7.04369e-04  0.00000e+00
      1255         0         0         0 100001515    505050        24  5.89456e-04  0.00000e+00
      1255         0         0         0 100001515    505050        25  5.08808e-04  0.00000e+00
      1255         0         0         0 100001515    505050        26  4.39309e-04  0.00000e+00
      1255         0         0         0 100001515    505050        27  3.75470e-04  0.00000e+00
      1255         0         0         0 100001515    505050        28  3.33039e-04  0.00000e+00
      1255         0         0         0 100001515    505050        29  2.97552e-04  0.00000e+00
      1255         0         0         0 100001515    505050        30  2.77466e-04  0.00000e+00
      1255         0         0         0 100001515    505050        31  2.69865e-04  0.00000e+00
      1255         0         0         0 100001515    505050        32  2.70338e-04  0.00000e+00
      1255         0         0         0 100001515    505050        33  2.74188e-04  0.00000e+00
      1255         0         0         0 100001515    505050        34  2.89824e-04  0.00000e+00
      1255         0         0         0 100001515    505050        35  3.23359e-04  0.00000e+00
      1255         0         0         0 100001515    505050        36  3.61629e-04  0.00000e+00
      1255         0         0         0 100001515    505050        37  4.07204e-04  0.00000e+00
      1255         0         0         0 100001515    505050        38  4.53524e-04  0.00000e+00
      1255         0         0         0 100001515    505050        39  5.28232e-04  0.00000e+00
      1255         0         0         0 100001515    505050        40  6.59309e-04  0.00000e+00
      1255         0         0         0 100001515    505050        41  8.28804e-04  0.00000e+00
      1255         0         0         0 100001515    505050        42  9.91657e-04  0.00000e+00
      1255         0         0         0 100001515    505050        43      0.00114  0.00000e+00
      1255         0         0         0 100001515    505050        44      0.00130  0.00000e+00
      1255         0         0         0 100001515    505050        45      0.00153  0.00000e+00
      1255         0         0         0 100001515    505050        46      0.00190  0.00000e+00
      1255         0         0         0 100001515    505050        47      0.00252  0.00000e+00
      1255         0         0         0 100001515    505050        48      0.00327  0.00000e+00
      1255         0         0         0 100001515    505050        49      0.00393  0.00000e+00
      1255         0         0         0 100001515    505050        50      0.00462  0.00000e+00
      1255         0         0         0 100001515    505050        51      0.00550  0.00000e+00
      1255         0         0         0 100001515    505050        52      0.00662  0.00000e+00
      1255         0         0         0 100001515    505050        53      0.00767  0.00000e+00
      1255         0         0         0 100001515    505050        54      0.00860  0.00000e+00
      1255         0         0         0 100001515    505050        55      0.00987  0.00000e+00
      1255         0         0         0 100001515    505050        56      0.01174  0.00000e+00
      1255         0         0         0 100001515    505050        57      0.01383  0.00000e+00
      1255         0         0         0 100001515    505050        58      0.01644  0.00000e+00
      1255         0         0         0 100001515    505050        59      0.02018  0.00000e+00
      1255         0         0         0 100001515    505050        60      0.02406  0.00000e+00
      1255         0         0         0 100001515    505050        61      0.02974  0.00000e+00
      1255         0         0         0 100001515    505050        62      0.04192  0.00000e+00
      1255         0         0         0 100001515    505050        63      0.10132  0.00000e+00
      1305         0         0         0 100001515    505050         0      1.00048  0.00000e+00
      1305         0         0         0 100001515    505050         1      0.13442  0.00000e+00
      1305         0         0         0 100001515    505050         2      0.07040  0.00000e+00
      1305         0         0         0 100001515    505050         3      0.05217  0.00000e+00
      1305         0         0         0 100001515    505050         4      0.04207  0.00000e+00
      1305         0         0         0 100001515    505050         5      0.03360  0.00000e+00
      1305         0         0         0 100001515    505050         6      0.02647  0.00000e+00
      1305         0         0         0 100001515    505050         7      0.02158  0.00000e+00
      1305         0         0         0 100001515    505050         8      0.01781  0.00000e+00
      1305         0         0         0 100001515    505050         9      0.01449  0.00000e+00
      1305         0         0         0 100001515    505050        10      0.01209  0.00000e+00
      1305         0         0         0 100001515    505050        11      0.00992  0.00000e+00
      1305         0         0         0 100001515    505050        12      0.00730  0.00000e+00
      1305         0         0         0 100001515    505050        13      0.00532  0.00000e+00
      1305         0         0         0 100001515    505050        14      0.00437  0.00000e+00
      1305         0         0         0 100001515    505050        15      0.00383  0.00000e+00
      1305         0         0         0 100001515    505050        16      0.00340  0.00000e+00
      1305         0         0         0 100001515    505050        17      0.00301  0.00000e+00
      1305         0         0         0 100001515    505050        18      0.00260  0.00000e+00
      1305         0         0         0 100001515    505050        19      0.00220  0.00000e+00
      1305         0         0         0 100001515    505050        20      0.00174  0.00000e+00
      1305         0         0         0 100001515    505050        21      0.00131  0.00000e+00
      1305         0         0         0 100001515    505050        22      0.00102  0.00000e+00
      1305         0         0         0 100001515    505050        23  8.45419e-04  0.00000e+00
      1305         0         0         0 100001515    505050        24  7.10541e-04  0.00000e+00
      1305         0         0         0 100001515    505050        25  5.99036e-04  0.00000e+00
      1305         0         0         0 100001515    505050        26  5.21243e-04  0.00000e+00
      1305         0         0         0 100001515    505050        27  4.73274e-04  0.00000e+00
      1305         0         0         0 100001515    505050        28  4.44931e-04  0.00000e+00
      1305         0         0         0 100001515    505050        29  4.61526e-04  0.00000e+00
      1305         0         0         0 100001515    505050        30  4.92787e-04  0.00000e+00
      1305         0         0         0 100001515    505050        31  5.24984e-04  0.00000e+00
      1305         0         0         0 100001515    505050        32  5.62344e-04  0.00000e+00
      1305         0         0         0 100001515    505050        33  5.93771e-04  0.00000e+00
      1305         0         0         0 100001515    505050        34  6.24173e-04  0.00000e+00
      1305         0         0         0 100001515    505050        35  6.71770e-04  0.00000e+00
      1305         0         0         0 100001515    505050        36  7.69007e-04  0.00000e+00
      1305         0         0         0 100001515    505050        37  8.72135e-04  0.00000e+00
      1305         0         0         0 100001515    505050        38      0.00102  0.00000e+00
      1305         0         0         0 100001515    505050        39      0.00122  0.00000e+00
      1305         0         0         0 100001515    505050        40      0.00144  0.00000e+00
      1305         0         0         0 100001515    505050        41      0.00166  0.00000e+00
      1305         0         0         0 100001515    505050        42      0.00188  0.00000e+00
      1305         0         0         0 100001515    505050        43      0.00222  0.00000e+00
      1305         0         0         0 100001515    505050        44      0.00258  0.00000e+00
      1305         0         0         0 100001515    505050        45      0.00305  0.00000e+00
      1305         0         0         0 100001515    505050        46      0.00389  0.00000e+00
      1305         0         0         0 100001515    505050        47      0.00507  0.00000e+00
      1305         0         0         0 100001515    505050        48      0.00622  0.00000e+00
      1305         0         0         0 100001515    505050        49      0.00731  0.00000e+00
      1305         0         0         0 100001515    505050        50      0.00858  0.00000e+00
      1305         0         0         0 100001515    505050        51      0.01021  0.00000e+00
      1305         0         0         0 100001515    505050        52      0.01256  0.00000e+00
      1305         0         0         0 100001515    505050        53      0.01407  0.00000e+00
      1305         0         0         0 100001515    505050        54      0.01529  0.00000e+00
      1305         0         0         0 100001515    505050        55      0.01683  0.00000e+00
      1305         0         0         0 100001515    505050        56      0.01861  0.00000e+00
      1305         0         0         0 100001515    505050        57      0.02121  0.00000e+00
      1305         0         0         0 100001515    505050        58      0.02449  0.00000e+00
      1305         0         0         0 100001515    505050        59      0.02878  0.00000e+00
      1305         0         0         0 100001515    505050        60      0.03543  0.00000e+00
      1305         0         0         0 100001515    505050        61      0.04564  0.00000e+00
      1305         0         0         0 100001515    505050        62      0.06575  0.00000e+00
      1305         0         0         0 100001515    505050        63      0.13384  0.00000e+00
      1355         0         0         0 100001515    505050         0      0.95243  0.00000e+00
      1355         0         0         0 100001515    505050         1      0.09287  0.00000e+00
      1355         0         0         0 100001515    505050         2      0.03255  0.00000e+00
      1355         0         0         0 100001515    505050         3      0.01911  0.00000e+00
      1355         0         0         0 100001515    505050         4      0.01361  0.00000e+00
      1355         0         0         0 100001515    505050         5      0.01101  0.00000e+00
      1355         0         0         0 100001515    505050         6      0.00943  0.00000e+00
      1355         0         0         0 100001515    505050         7      0.00844  0.00000e+00
      1355         0         0         0 100001515    505050         8      0.00748  0.00000e+00
      1355         0         0         0 100001515    505050         9      0.00652  0.00000e+00
      1355         0         0         0 100001515    505050        10      0.00546  0.00000e+00
      1355         0         0         0 100001515    505050        11      0.00427  0.00000e+00
      1355         0         0         0 100001515    505050        12      0.00336  0.00000e+00
      1355         0         0         0 100001515    505050        13      0.00277  0.00000e+00
      1355         0         0         0 100001515    505050        14      0.00241  0.00000e+00
      1355         0         0         0 100001515    505050        15      0.00201  0.00000e+00
      1355         0         0         0 100001515    505050        16      0.00161  0.00000e+00
      1355         0         0         0 100001515    505050        17      0.00133  0.00000e+00
      1355         0         0         0 100001515    505050        18      0.00114  0.00000e+00
      1355         0         0         0 100001515    505050        19  9.45995e-04  0.00000e+00
      1355         0         0         0 100001515    505050        20  7.94602e-04  0.00000e+00
      1355         0         0         0 100001515    505050        21  6.62972e-04  0.00000e+00
      1355         0         0         0 100001515    505050        22  5.31089e-04  0.00000e+00
      1355         0         0         0 100001515    505050        23  4.13124e-04  0.00000e+00
      1355         0         0         0 100001515    505050        24  3.25621e-04  0.00000e+00
      1355         0         0         0 100001515    505050        25  2.71490e-04  0.00000e+00
      1355         0         0         0 100001515    505050        26  2.34151e-04  0.00000e+00
      1355         0         0         0 100001515    505050        27  2.03781e-04  0.00000e+00
      1355         0         0         0 100001515    505050        28  1.82153e-04  0.00000e+00
      1355         0         0         0 100001515    505050        29  1.70666e-04  0.00000e+00
      1355         0         0         0 100001515    505050        30  1.70981e-04  0.00000e+00
      1355         0         0         0 100001515    505050        31  1.76106e-04  0.00000e+00
      1355         0         0         0 100001515    505050        32  1.80813e-04  0.00000e+00
      1355         0         0         0 100001515    505050        33  1.80396e-04  0.00000e+00
      1355         0         0         0 100001515    505050        34  1.77725e-04  0.00000e+00
      1355         0         0         0 100001515    505050        35  1.74705e-04  0.00000e+00
      1355         0         0         0 100001515    505050        36  1.86711e-04  0.00000e+00
      1355         0         0         0 100001515    505050        37  2.18702e-04  0.00000e+00
      1355         0         0         0 100001515    505050        38  2.68749e-04  0.00000e+00
      1355         0         0         0 100001515    505050        39  3.29338e-04  0.00000e+00
      1355         0         0         0 100001515    505050        40  3.92115e-04  0.00000e+00
      1355         0         0         0 100001515    505050        41  4.61029e-04  0.00000e+00
      1355         0         0         0 100001515    505050        42  5.50773e-04  0.00000e+00
      1355         0         0         0 100001515    505050        43  6.89685e-04  0.00000e+00
      1355         0         0         0 100001515    505050        44  8.79562e-04  0.00000e+00
      1355         0         0         0 100001515    505050        45      0.00111  0.00000e+00
      1355         0         0         0 100001515    505050        46      0.00134  0.00000e+00
      1355         0         0         0 100001515    505050        47      0.00151  0.00000e+00
      1355         0         0         0 100001515    505050        48      0.00160  0.00000e+00
      1355         0         0         0 100001515    505050        49      0.00176  0.00000e+00
      1355         0         0         0 100001515    505050        50      0.00210  0.00000e+00
      1355         0         0         0 100001515    505050        51      0.00255  0.00000e+00
      1355         0         0         0 100001515    505050        52      0.00313  0.00000e+00
      1355         0         0         0 100001515    505050        53      0.00389  0.00000e+00
      1355         0         0         0 100001515    505050        54      0.00490  0.00000e+00
      1355         0         0         0 100001515    505050        55      0.00620  0.00000e+00
      1355         0         0         0 100001515    505050        56      0.00748  0.00000e+00
      1355         0         0         0 100001515    505050        57      0.00919  0.00000e+00
      1355         0         0         0 100001515    505050        58      0.01148  0.00000e+00
      1355         0         0         0 100001515    505050        59      0.01427  0.00000e+00
      1355         0         0         0 100001515    505050        60      0.01780  0.00000e+00
      1355         0         0         0 100001515    505050        61      0.02296  0.00000e+00
      1355         0         0         0 100001515    505050        62      0.03583  0.00000e+00
      1355         0         0         0 100001515    505050        63      0.09680  0.00000e+00
      1405         0         0         0 100001515    505050         0      1.08949  0.00000e+00
      1405         0         0         0 100001515    505050         1      0.18198  0.00000e+00
      1405         0         0         0 100001515    505050         2      0.11102  0.00000e+00
      1405         0         0         0 100001515    505050         3      0.08610  0.00000e+00
      1405         0         0         0 100001515    505050         4      0.07399  0.00000e+00
      1405         0         0         0 100001515    505050         5      0.06403  0.00000e+00
      1405         0         0         0 100001515    505050         6      0.05425  0.00000e+00
      1405         0         0         0 100001515    505050         7      0.04369  0.00000e+00
      1405         0         0         0 100001515    505050         8      0.03295  0.00000e+00
      1405         0         0         0 100001515    505050         9      0.02483  0.00000e+00
      1405         0         0         0 100001515    505050        10      0.01961  0.00000e+00
      1405         0         0         0 100001515    505050        11      0.01696  0.00000e+00
      1405         0         0         0 100001515    505050        12      0.01546  0.00000e+00
      1405         0         0         0 100001515    505050        13      0.01337  0.00000e+00
      1405         0         0         0 100001515    505050        14      0.01090  0.00000e+00
      1405         0         0         0 100001515    505050        15      0.00908  0.00000e+00
      1405         0         0         0 100001515    505050        16      0.00736  0.00000e+00
      1405         0         0         0 100001515    505050        17      0.00581  0.00000e+00
      1405         0         0         0 100001515    505050        18      0.00468  0.00000e+00
      1405         0         0         0 100001515    505050        19      0.00367  0.00000e+00
      1405         0         0         0 100001515    505050        20      0.00307  0.00000e+00
      1405         0         0         0 100001515    505050        21      0.00258  0.00000e+00
      1405         0         0         0 100001515    505050        22      0.00206  0.00000e+00
      1405         0         0         0 100001515    505050        23      0.00168  0.00000e+00
      1405         0         0         0 100001515    505050        24      0.00145  0.00000e+00
      1405         0         0         0 100001515    505050        25      0.00124  0.00000e+00
      1405         0         0         0 100001515    505050        26      0.00108  0.00000e+00
      1405         0         0         0 100001515    505050        27  9.83239e-04  0.00000e+00
      1405         0         0         0 100001515    505050        28  9.15720e-04  0.00000e+00
      1405         0         0         0 100001515    505050        29  8.66468e-04  0.00000e+00
      1405         0         0         0 100001515    505050        30  8.21405e-04  0.00000e+00
      1405         0         0         0 100001515    505050        31  8.14547e-04  0.00000e+00
      1405         0         0         0 100001515    505050        32  8.78052e-04  0.00000e+00
      1405         0         0         0 100001515    505050        33  9.83628e-04  0.00000e+00
      1405         0         0         0 100001515    505050        34      0.00114  0.00000e+00
      1405         0         0         0 100001515    505050        35      0.00141  0.00000e+00
      1405         0         0         0 100001515    505050        36      0.00174  0.00000e+00
      1405         0         0         0 100001515    505050        37      0.00211  0.00000e+00
      1405         0         0         0 100001515    505050        38      0.00257  0.00000e+00
      1405         0         0         0 100001515    505050        39      0.00289  0.00000e+00
      1405         0         0         0 100001515    505050        40      0.00329  0.00000e+00
      1405         0         0         0 100001515    505050        41      0.00400  0.00000e+00
      1405         0         0         0 100001515    505050        42      0.00476  0.00000e+00
      1405         0         0         0 100001515    505050        43      0.00549  0.00000e+00
      1405         0         0         0 100001515    505050        44      0.00636  0.00000e+00
      1405         0         0         0 100001515    505050        45      0.00739  0.00000e+00
      1405         0         0         0 100001515    505050        46      0.00866  0.00000e+00
      1405         0         0         0 100001515    505050        47      0.01064  0.00000e+00
      1405         0         0         0 100001515    505050        48      0.01397  0.00000e+00
      1405         0         0         0 100001515    505050        49      0.01779  0.00000e+00
      1405         0         0         0 100001515    505050        50      0.02181  0.00000e+00
      1405         0         0         0 100001515    505050        51      0.02541  0.00000e+00
      1405         0         0         0 100001515    505050        52      0.02984  0.00000e+00
      1405         0         0         0 100001515    505050        53      0.03689  0.00000e+00
      1405         0         0         0 100001515    505050        54      0.04494  0.00000e+00
      1405         0         0         0 100001515    505050        55      0.05227  0.00000e+00
      1405         0         0         0 100001515    505050        56      0.05911  0.00000e+00
      1405         0         0         0 100001515    505050        57      0.06559  0.00000e+00
      1405         0         0         0 100001515    505050        58      0.07277  0.00000e+00
      1405         0         0         0 100001515    505050        59      0.07947  0.00000e+00
      1405         0         0         0 100001515    505050        60      0.08667  0.00000e+00
      1405         0         0         0 100001515    505050        61      0.09945  0.00000e+00
      1405         0         0         0 100001515    505050        62      0.14297  0.00000e+00
      1405         0         0         0 100001515    505050        63      0.22615  0.00000e+00
      1505         0         0         0 100001515    505050         0      0.98764  0.00000e+00
      1505         0         0         0 100001515    505050         1      0.11691  0.00000e+00
      1505         0         0         0 100001515    505050         2      0.05529  0.00000e+00
      1505         0         0         0 100001515    505050         3      0.03980  0.00000e+00
      1505         0         0         0 100001515    505050         4      0.03159  0.00000e+00
      1505         0         0         0 100001515    505050         5      0.02517  0.00000e+00
      1505         0         0         0 100001515    505050         6      0.02053  0.00000e+00
      1505         0         0         0 100001515    505050         7      0.01687  0.00000e+00
      1505         0         0         0 100001515    505050         8      0.01387  0.00000e+00
      1505         0         0         0 100001515    505050         9      0.01194  0.00000e+00
      1505         0         0         0 100001515    505050        10      0.01063  0.00000e+00
      1505         0         0         0 100001515    505050        11      0.00910  0.00000e+00
      1505         0         0         0 100001515    505050        12      0.00762  0.00000e+00
      1505         0         0         0 100001515    505050        13      0.00627  0.00000e+00
      1505         0         0         0 100001515    505050        14      0.00501  0.00000e+00
      1505         0         0         0 100001515    505050        15      0.00390  0.00000e+00
      1505         0         0         0 100001515    505050        16      0.00298  0.00000e+00
      1505         0         0         0 100001515    505050        17      0.00237  0.00000e+00
      1505         0         0         0 100001515    505050        18      0.00196  0.00000e+00
      1505         0         0         0 100001515    505050        19      0.00164  0.00000e+00
      1505         0         0         0 100001515    505050        20      0.00138  0.00000e+00
      1505         0         0         0 100001515    505050        21      0.00121  0.00000e+00
      1505         0         0         0 100001515    505050        22      0.00105  0.00000e+00
      1505         0         0         0 100001515    505050        23  8.50794e-04  0.00000e+00
      1505         0         0         0 100001515    505050        24  6.95678e-04  0.00000e+00
      1505         0         0         0 100001515    505050        25  5.70028e-04  0.00000e+00
      1505         0         0         0 100001515    505050        26  4.80925e-04  0.00000e+00
      1505         0         0         0 100001515    505050        27  4.22171e-04  0.00000e+00
      1505         0         0         0 100001515    505050        28  3.68829e-04  0.00000e+00
      1505         0         0         0 100001515    505050        29  3.37487e-04  0.00000e+00
      1505         0         0         0 100001515    505050        30  3.12682e-04  0.00000e+00
      1505         0         0         0 100001515    505050        31  3.06259e-04  0.00000e+00
      1505         0         0         0 100001515    505050        32  3.17835e-04  0.00000e+00
      1505         0         0         0 100001515    505050        33  3.28677e-04  0.00000e+00
      1505         0         0         0 100001515    505050        34  3.45971e-04  0.00000e+00
      1505         0         0         0 100001515    505050        35  3.82798e-04  0.00000e+00
      1505         0         0         0 100001515    505050        36  4.38821e-04  0.00000e+00
      1505         0         0         0 100001515    505050        37  5.09944e-04  0.00000e+00
      1505         0         0         0 100001515    505050        38  5.97775e-04  0.00000e+00
      1505         0         0         0 100001515    505050        39  7.13331e-04  0.00000e+00
      1505         0         0         0 100001515    505050        40  8.32554e-04  0.00000e+00
      1505         0         0         0 100001515    505050        41  9.81913e-04  0.00000e+00
      1505         0         0         0 100001515    505050        42      0.00115  0.00000e+00
      1505         0         0         0 100001515    505050        43      0.00131  0.00000e+00
      1505         0         0         0 100001515    505050        44      0.00152  0.00000e+00
      1505         0         0         0 100001515    505050        45      0.00170  0.00000e+00
      1505         0         0         0 100001515    505050        46      0.00192  0.00000e+00
      1505         0         0         0 100001515    505050        47      0.00224  0.00000e+00
      1505         0         0         0 100001515    505050        48      0.00265  0.00000e+00
      1505         0         0         0 100001515    505050        49      0.00322  0.00000e+00
      1505         0         0         0 100001515    505050        50      0.00388  0.00000e+00
      1505         0         0         0 100001515    505050        51      0.00473  0.00000e+00
      1505         0         0         0 100001515    505050        52      0.00588  0.00000e+00
      1505         0         0         0 100001515    505050        53      0.00741  0.00000e+00
      1505         0         0         0 100001515    505050        54      0.00916  0.00000e+00
      1505         0         0         0 100001515    505050        55      0.01132  0.00000e+00
      1505         0         0         0 100001515    505050        56      0.01298  0.00000e+00
      1505         0         0         0 100001515    505050        57      0.01408  0.00000e+00
      1505         0         0         0 100001515    505050        58      0.01617  0.00000e+00
      1505         0         0         0 100001515    505050        59      0.01985  0.00000e+00
      1505         0         0         0 100001515    505050        60      0.02600  0.00000e+00
      1505         0         0         0 100001515    505050        61      0.03570  0.00000e+00
      1505         0         0         0 100001515    505050        62      0.05363  0.00000e+00
      1505         0         0         0 100001515    505050        63      0.11933  0.00000e+00
